688559
688551
688577
688127
688536
688156
688526
688013
688585
688093
688330
688386
688788
688129
688179
688529
688057
688135
688160
688219
688777
688557
688578
688590
688308
688571
688136
688510
688608
688699
688668
688560
688658
688679
688698
688063
688618
688686
688617
688656
688317
688819
688680
688669
688689
688350
688607
688628
688059
688687
688665
688619
688183
688677
688079
688696
688328
688676
688083
688316
688456
688616
688092
688609
688633
688606
688195
688329
688661
688109
688626
688659
688630
688662
688260
688191
688636
688468
688611
688683
688663
688533
688682
688201
688639
688323
688383
688395
688113
688655
688097
688355
688565
688217
688575
688314
688660
688076
688359
688613
