688538
688117
688625
688131
688319
688269
688345
688700
688067
688681
688597
688517
688425
688690
688276
688367
688601
688161
688499
688239
688226
688789
688087
688305
688793
688501
688303
688800
688768
688296
688718
688071
688511
688670
688385
688778
688148
688779
688787
688798
688733
688728
688766
688776
688711
688121
688187
688767
688103
688622
688707
688701
688697
688772
688272
688722
688737
688255
688553
688257
688280
688739
688162
688107
688212
688182
688232
688075
688082
688190
688049
688112
688230
688151
688246
688235
688032
688248
688167
688210
688265
688227
688236
688262
688176
688259
688220
688173
688223
688171
688225
688261
688267
688281
688115
688175
688102
688207
688282
688238
688306
688197
688193
688331
688295
688337
688153
688125
688209
688326
688072
688279
688052
688325
688046
688320
688170
688290
688213
688045
688327
688119
688251
688120
688348
688047
688297
688237
688400
688322
688053
688353
688332
688231
688130
688371
688373
688380
688205
688273
688041
688203
688401
688292
688403
688271
688381
688247
688370
688439
688416
688351
688114
688391
688035
688184
688428
688448
688132
688387
688252
688275
688409
688459
688031
688061
688244
688426
688372
688152
688419
688432
688362
688480
688489
688084
688420
688503
688143
688498
688141
688147
688410
