688358
688357
688399
688198
688258
688039
688037
688089
688268
688181
688178
688158
688100
688026
688266
688298
688186
688398
688080
688208
688090
688200
688169
688177
688233
688086
688396
688051
688189
688228
688085
688096
688222
688126
688318
688365
688466
688566
688598
688516
688360
688312
688599
688004
688106
688505
688518
688555
688558
688528
688600
688277
688377
688568
688027
688060
688309
688165
688180
688500
688981
688567
688579
688256
688488
688580
688069
688077
688418
688508
688561
688589
688050
688586
688338
688556
688286
688339
688155
688065
688055
688229
688335
688519
688521
688379
688393
688596
688356
688017
688215
688289
688408
688569
688056
688513
688550
688378
688390
688095
